24
615969620 1095638802 311239939
652505865 1999605743 289978439
520549205 1358817265 272682881
673359289 1558254789 388100683
669490041 1372405954 241530103
940776782 1473680330 289945597
609551174 1446656229 377796953
762764843 1339869497 210270227
709620165 1416849127 120626273
469961310 1945706794 252444209
347311860 1513538903 240943463
181018878 1180329855 343057853
787274416 1043667049 194125387
776296934 1277634485 193878161
516078839 1871220060 306755773
489198423 1193712413 210270227
873781015 1097577028 169105319
288415990 1120460827 252505717
342713741 1161070459 180286159
680063129 1637264885 273113803
888814375 1388937808 150071951
413664244 1293109019 241380871
820553883 1886950691 377796953
715254345 1990845391 213466423