11
1075 53 2001 921 179 4038 3212 2135 2775 2987 0
1325 2635 1923 844 2177 1510 1104 3199 1736 3403 0
1982 7791 7915 6283 320 5893 1644 7496 2822 5253 7225 1809 0
11906 6824 14855 1287 11017 2182 1383 12308 483 12909 740 0
457 503 146 7 185 91 134 471 31 211 3 169 412 0
8661 14123 14855 7437 10616 11128 0
257 729 561 753 318 74 772 0
584 15 929 1259 1417 996 401 1501 1745 1173 1252 1314 1958 0
610 848 322 120 989 810 767 262 659 58 163 734 677 864 0
153 227 133 219 127 186 251 76 82 0
4425 5936 5439 3964 5409 6167 7884 5041 4789 6022 1109 0