20
INSX 137 135 132 133 132 135 137 139 136 133 133 136 139 140
MYTH 22 21 22 22 23 22 22 23 24 23 22 21 21 20
PNSN 24 28 26 23 25 25 28 28 26 28 27 23 20 24
OBAM 27 27 28 27 27 28 26 26 25 24 23 22 22 23
DALG 23 27 25 28 26 23 20 19 23 25 21 17 18 20
WOWY 27 25 27 25 23 22 23 21 23 23 22 20 19 17
VDKL 20 21 21 20 19 20 19 18 19 18 19 19 19 18
BLEP 22 22 20 22 24 21 20 20 20 23 21 22 23 20
ZEOD 21 21 18 16 14 15 14 13 11 8 6 7 8 8
JABA 129 129 129 128 128 127 127 127 128 129 129 128 128 129
IMIX 27 28 26 28 31 34 31 34 36 34 34 35 33 36
SUGR 22 21 19 21 22 22 20 19 19 17 19 17 15 14
ASDF 69 66 68 70 68 69 70 68 70 69 71 68 67 69
GEEK 192 193 192 191 191 192 193 194 195 196 196 197 196 195
JEOP 21 21 21 25 27 27 29 29 26 24 24 23 22 22
MARU 54 54 55 54 53 53 52 53 53 52 53 54 54 54
YUKA 227 228 229 228 227 227 229 230 230 228 226 228 229 228
JOOG 24 28 31 33 30 27 30 26 26 22 24 27 30 32
FANT 78 78 76 75 76 74 73 70 66 64 65 65 61 58
CKCL 25 26 26 27 26 25 26 26 25 25 26 27 26 26