28
831796194 774029801
552349293 1357480314
577790771 904422364
652579933 532794520
693705816 1926577830
1826347814 910672080
1296983617 1313387386
892587385 411508316
1060944988 176765249
852768280 607202660
1981585676 1335367571
1356570179 478152598
154473243 1605448165
417799960 332002069
1444638792 1924153207
1680562541 1348198461
862360143 812483695
166396318 1996018707
457862310 565023682
735579380 1791890025
1735536966 767826150
1704389275 1374292065
566828093 1392420435
572705073 1965904497
373078499 221070396
1259571017 1866523458
1277385753 1241387635
1684680989 1059156320