30
6940091 -9677089
791321 5874248
-3166106 -3276681
-3909710 6176622
4262462 3788157
9858149 2265550
335096 -6331364
4031467 4763087
2704143 -9355572
6198084 -6231301
8840871 -3987316
2867729 38385
-7831832 8263226
-5966325 -8571151
-2390212 6368833
-2326922 -1786050
1860539 -1164556
-8622828 2138224
-4455964 -9862590
-5042952 8629030
5050198 -2660336
4236661 1255288
-7751202 4613248
1861872 -9742213
1014918 2383571
-9525157 -5056529
-1492218 182186
1222173 2683503
-2237979 -7612850
3919957 -8144948