22
6917545 5756912 2863242
-4039583 7421056 3556168
7439197 -48216 -1707799
-1250698 -7252031 -2957940
8721831 -6714228 7433029
-7251977 6779876 -4110435
-4642753 -9007595 -876638
1578592 -152615 -7576481
4209181 -6035695 -6224219
5966019 8699034 -2612092
1555241 -9051058 7938314
-8004045 -5419702 2919189
-1879663 9038550 -104667
631934 -8531718 -991448
-492666 -7873972 8327524
7596134 -181124 428383
3710888 1419355 7880815
-398471 -7621935 -4378422
-3566100 724337 3716732
4794944 2947092 8265182
-2453830 -8468369 2619356
2331836 4644871 5596062