19
175821106572520414845327458343516931136298816069226824113885039333453954959691955172184385997058966964149583805951664048998460615501688398158333015722392844504845037450228525845
3210056809456107725247980776292056
23416728348467685
1100087778366101931
985864329041134079854737521712801814394706432953315510410398508752777354792040897021902752675861
155397926921764129586412153075574099601109247922558905818374286709640260695423396870480843150490968148047148588235083389
13582369791278266616906284494806735565776939502107183075612628409034209452901850178519363189834336113240870247715060398192490855
59356726302841575762469269714649234575004330510681838001552021920611246317114918006288254066305713816409502405227008760
8531073606282249384383143963212896619394786170594625964346924608389878465365
271964099255182923543922814194423915162591622175362
13380115429233940095604389734410310117100995067992702323161470502791037473665635425809
2044355686320108699402819684389319264272985630083283586096981924541014258596947102450322701988316166689849869337786217
94502174456823500410273859320305796679166852272710551371224774167211546005488756028346092926250374630960298563009031752767666154308445444788741372315376740807380188009185
20365011074
1116716749392769314599541809794537900642843628817512046429889
600224643828207248620196670234592075321836561403380341
2662710205480735617346452022100755074809023407208374441801919604845563638678145849451440
259695496911122585
196418